{
 "cells": [
  {
   "cell_type": "markdown",
   "metadata": {
    "id": "Il-eLNQcnOwF"
   },
   "source": [
    "    Name : Abhishek Panda\n",
    "    CWID : 10478684\n",
    "    Homework : 2"
   ]
  },
  {
   "cell_type": "code",
   "execution_count": 1,
   "metadata": {
    "colab": {
     "base_uri": "https://localhost:8080/"
    },
    "id": "OZtNbA1OnF5j",
    "outputId": "33b80f69-76ac-41bf-e7dd-1c900566487e"
   },
   "outputs": [],
   "source": [
    "import pandas as pd \n",
    "import numpy as np \n",
    "import matplotlib.pyplot as plt \n",
    "from sklearn import preprocessing\n",
    "import pylab as py\n",
    "import scipy.stats as stats"
   ]
  },
  {
   "cell_type": "code",
   "execution_count": 2,
   "metadata": {
    "id": "OsLcYX85niHE"
   },
   "outputs": [],
   "source": [
    "data = pd.read_csv(\"lung.csv\")"
   ]
  },
  {
   "cell_type": "code",
   "execution_count": 3,
   "metadata": {
    "colab": {
     "base_uri": "https://localhost:8080/",
     "height": 477
    },
    "id": "qwoYVEWxoCpM",
    "outputId": "be024800-9bb0-497e-9e05-6c1533e0c3b1"
   },
   "outputs": [
    {
     "data": {
      "text/html": [
       "<div>\n",
       "<style scoped>\n",
       "    .dataframe tbody tr th:only-of-type {\n",
       "        vertical-align: middle;\n",
       "    }\n",
       "\n",
       "    .dataframe tbody tr th {\n",
       "        vertical-align: top;\n",
       "    }\n",
       "\n",
       "    .dataframe thead th {\n",
       "        text-align: right;\n",
       "    }\n",
       "</style>\n",
       "<table border=\"1\" class=\"dataframe\">\n",
       "  <thead>\n",
       "    <tr style=\"text-align: right;\">\n",
       "      <th></th>\n",
       "      <th>ID</th>\n",
       "      <th>AREA</th>\n",
       "      <th>Gender_father</th>\n",
       "      <th>Age_father</th>\n",
       "      <th>Height_father</th>\n",
       "      <th>Weight_father</th>\n",
       "      <th>FVC_father</th>\n",
       "      <th>FEV1_father</th>\n",
       "      <th>Gender_mother</th>\n",
       "      <th>Age_mother</th>\n",
       "      <th>...</th>\n",
       "      <th>Height_middle_child</th>\n",
       "      <th>Weight_middle_child</th>\n",
       "      <th>FVC_middle_child</th>\n",
       "      <th>FEV1_middle_child</th>\n",
       "      <th>Sex_youngest_child</th>\n",
       "      <th>Age_youngest_child</th>\n",
       "      <th>Height_youngest_child</th>\n",
       "      <th>Weight_youngest_child</th>\n",
       "      <th>FVC_youngest_child</th>\n",
       "      <th>FEV1_youngest_child</th>\n",
       "    </tr>\n",
       "  </thead>\n",
       "  <tbody>\n",
       "    <tr>\n",
       "      <th>0</th>\n",
       "      <td>1</td>\n",
       "      <td>1</td>\n",
       "      <td>1</td>\n",
       "      <td>53</td>\n",
       "      <td>61</td>\n",
       "      <td>161</td>\n",
       "      <td>391</td>\n",
       "      <td>323</td>\n",
       "      <td>2</td>\n",
       "      <td>43</td>\n",
       "      <td>...</td>\n",
       "      <td>NaN</td>\n",
       "      <td>NaN</td>\n",
       "      <td>NaN</td>\n",
       "      <td>NaN</td>\n",
       "      <td>NaN</td>\n",
       "      <td>NaN</td>\n",
       "      <td>NaN</td>\n",
       "      <td>NaN</td>\n",
       "      <td>NaN</td>\n",
       "      <td>NaN</td>\n",
       "    </tr>\n",
       "    <tr>\n",
       "      <th>1</th>\n",
       "      <td>2</td>\n",
       "      <td>1</td>\n",
       "      <td>1</td>\n",
       "      <td>40</td>\n",
       "      <td>72</td>\n",
       "      <td>198</td>\n",
       "      <td>441</td>\n",
       "      <td>395</td>\n",
       "      <td>2</td>\n",
       "      <td>38</td>\n",
       "      <td>...</td>\n",
       "      <td>NaN</td>\n",
       "      <td>NaN</td>\n",
       "      <td>NaN</td>\n",
       "      <td>NaN</td>\n",
       "      <td>NaN</td>\n",
       "      <td>NaN</td>\n",
       "      <td>NaN</td>\n",
       "      <td>NaN</td>\n",
       "      <td>NaN</td>\n",
       "      <td>NaN</td>\n",
       "    </tr>\n",
       "    <tr>\n",
       "      <th>2</th>\n",
       "      <td>3</td>\n",
       "      <td>1</td>\n",
       "      <td>1</td>\n",
       "      <td>26</td>\n",
       "      <td>69</td>\n",
       "      <td>210</td>\n",
       "      <td>445</td>\n",
       "      <td>347</td>\n",
       "      <td>2</td>\n",
       "      <td>27</td>\n",
       "      <td>...</td>\n",
       "      <td>NaN</td>\n",
       "      <td>NaN</td>\n",
       "      <td>NaN</td>\n",
       "      <td>NaN</td>\n",
       "      <td>NaN</td>\n",
       "      <td>NaN</td>\n",
       "      <td>NaN</td>\n",
       "      <td>NaN</td>\n",
       "      <td>NaN</td>\n",
       "      <td>NaN</td>\n",
       "    </tr>\n",
       "    <tr>\n",
       "      <th>3</th>\n",
       "      <td>4</td>\n",
       "      <td>1</td>\n",
       "      <td>1</td>\n",
       "      <td>34</td>\n",
       "      <td>68</td>\n",
       "      <td>187</td>\n",
       "      <td>433</td>\n",
       "      <td>374</td>\n",
       "      <td>2</td>\n",
       "      <td>36</td>\n",
       "      <td>...</td>\n",
       "      <td>49.0</td>\n",
       "      <td>56.0</td>\n",
       "      <td>159.0</td>\n",
       "      <td>130.0</td>\n",
       "      <td>NaN</td>\n",
       "      <td>NaN</td>\n",
       "      <td>NaN</td>\n",
       "      <td>NaN</td>\n",
       "      <td>NaN</td>\n",
       "      <td>NaN</td>\n",
       "    </tr>\n",
       "    <tr>\n",
       "      <th>4</th>\n",
       "      <td>5</td>\n",
       "      <td>1</td>\n",
       "      <td>1</td>\n",
       "      <td>46</td>\n",
       "      <td>61</td>\n",
       "      <td>121</td>\n",
       "      <td>354</td>\n",
       "      <td>290</td>\n",
       "      <td>2</td>\n",
       "      <td>39</td>\n",
       "      <td>...</td>\n",
       "      <td>60.0</td>\n",
       "      <td>85.0</td>\n",
       "      <td>268.0</td>\n",
       "      <td>234.0</td>\n",
       "      <td>2.0</td>\n",
       "      <td>10.0</td>\n",
       "      <td>50.0</td>\n",
       "      <td>53.0</td>\n",
       "      <td>154.0</td>\n",
       "      <td>143.0</td>\n",
       "    </tr>\n",
       "    <tr>\n",
       "      <th>...</th>\n",
       "      <td>...</td>\n",
       "      <td>...</td>\n",
       "      <td>...</td>\n",
       "      <td>...</td>\n",
       "      <td>...</td>\n",
       "      <td>...</td>\n",
       "      <td>...</td>\n",
       "      <td>...</td>\n",
       "      <td>...</td>\n",
       "      <td>...</td>\n",
       "      <td>...</td>\n",
       "      <td>...</td>\n",
       "      <td>...</td>\n",
       "      <td>...</td>\n",
       "      <td>...</td>\n",
       "      <td>...</td>\n",
       "      <td>...</td>\n",
       "      <td>...</td>\n",
       "      <td>...</td>\n",
       "      <td>...</td>\n",
       "      <td>...</td>\n",
       "    </tr>\n",
       "    <tr>\n",
       "      <th>145</th>\n",
       "      <td>146</td>\n",
       "      <td>4</td>\n",
       "      <td>1</td>\n",
       "      <td>53</td>\n",
       "      <td>69</td>\n",
       "      <td>162</td>\n",
       "      <td>441</td>\n",
       "      <td>340</td>\n",
       "      <td>2</td>\n",
       "      <td>50</td>\n",
       "      <td>...</td>\n",
       "      <td>NaN</td>\n",
       "      <td>NaN</td>\n",
       "      <td>NaN</td>\n",
       "      <td>NaN</td>\n",
       "      <td>NaN</td>\n",
       "      <td>NaN</td>\n",
       "      <td>NaN</td>\n",
       "      <td>NaN</td>\n",
       "      <td>NaN</td>\n",
       "      <td>NaN</td>\n",
       "    </tr>\n",
       "    <tr>\n",
       "      <th>146</th>\n",
       "      <td>147</td>\n",
       "      <td>4</td>\n",
       "      <td>1</td>\n",
       "      <td>37</td>\n",
       "      <td>72</td>\n",
       "      <td>195</td>\n",
       "      <td>473</td>\n",
       "      <td>418</td>\n",
       "      <td>2</td>\n",
       "      <td>37</td>\n",
       "      <td>...</td>\n",
       "      <td>NaN</td>\n",
       "      <td>NaN</td>\n",
       "      <td>NaN</td>\n",
       "      <td>NaN</td>\n",
       "      <td>NaN</td>\n",
       "      <td>NaN</td>\n",
       "      <td>NaN</td>\n",
       "      <td>NaN</td>\n",
       "      <td>NaN</td>\n",
       "      <td>NaN</td>\n",
       "    </tr>\n",
       "    <tr>\n",
       "      <th>147</th>\n",
       "      <td>148</td>\n",
       "      <td>4</td>\n",
       "      <td>1</td>\n",
       "      <td>39</td>\n",
       "      <td>67</td>\n",
       "      <td>181</td>\n",
       "      <td>549</td>\n",
       "      <td>450</td>\n",
       "      <td>2</td>\n",
       "      <td>33</td>\n",
       "      <td>...</td>\n",
       "      <td>49.0</td>\n",
       "      <td>55.0</td>\n",
       "      <td>181.0</td>\n",
       "      <td>165.0</td>\n",
       "      <td>NaN</td>\n",
       "      <td>NaN</td>\n",
       "      <td>NaN</td>\n",
       "      <td>NaN</td>\n",
       "      <td>NaN</td>\n",
       "      <td>NaN</td>\n",
       "    </tr>\n",
       "    <tr>\n",
       "      <th>148</th>\n",
       "      <td>149</td>\n",
       "      <td>4</td>\n",
       "      <td>1</td>\n",
       "      <td>36</td>\n",
       "      <td>66</td>\n",
       "      <td>129</td>\n",
       "      <td>495</td>\n",
       "      <td>374</td>\n",
       "      <td>2</td>\n",
       "      <td>29</td>\n",
       "      <td>...</td>\n",
       "      <td>NaN</td>\n",
       "      <td>NaN</td>\n",
       "      <td>NaN</td>\n",
       "      <td>NaN</td>\n",
       "      <td>NaN</td>\n",
       "      <td>NaN</td>\n",
       "      <td>NaN</td>\n",
       "      <td>NaN</td>\n",
       "      <td>NaN</td>\n",
       "      <td>NaN</td>\n",
       "    </tr>\n",
       "    <tr>\n",
       "      <th>149</th>\n",
       "      <td>150</td>\n",
       "      <td>4</td>\n",
       "      <td>1</td>\n",
       "      <td>48</td>\n",
       "      <td>64</td>\n",
       "      <td>170</td>\n",
       "      <td>351</td>\n",
       "      <td>292</td>\n",
       "      <td>2</td>\n",
       "      <td>44</td>\n",
       "      <td>...</td>\n",
       "      <td>NaN</td>\n",
       "      <td>NaN</td>\n",
       "      <td>NaN</td>\n",
       "      <td>NaN</td>\n",
       "      <td>NaN</td>\n",
       "      <td>NaN</td>\n",
       "      <td>NaN</td>\n",
       "      <td>NaN</td>\n",
       "      <td>NaN</td>\n",
       "      <td>NaN</td>\n",
       "    </tr>\n",
       "  </tbody>\n",
       "</table>\n",
       "<p>150 rows × 32 columns</p>\n",
       "</div>"
      ],
      "text/plain": [
       "      ID  AREA  Gender_father  Age_father  Height_father  Weight_father  \\\n",
       "0      1     1              1          53             61            161   \n",
       "1      2     1              1          40             72            198   \n",
       "2      3     1              1          26             69            210   \n",
       "3      4     1              1          34             68            187   \n",
       "4      5     1              1          46             61            121   \n",
       "..   ...   ...            ...         ...            ...            ...   \n",
       "145  146     4              1          53             69            162   \n",
       "146  147     4              1          37             72            195   \n",
       "147  148     4              1          39             67            181   \n",
       "148  149     4              1          36             66            129   \n",
       "149  150     4              1          48             64            170   \n",
       "\n",
       "     FVC_father  FEV1_father  Gender_mother  Age_mother  ...  \\\n",
       "0           391          323              2          43  ...   \n",
       "1           441          395              2          38  ...   \n",
       "2           445          347              2          27  ...   \n",
       "3           433          374              2          36  ...   \n",
       "4           354          290              2          39  ...   \n",
       "..          ...          ...            ...         ...  ...   \n",
       "145         441          340              2          50  ...   \n",
       "146         473          418              2          37  ...   \n",
       "147         549          450              2          33  ...   \n",
       "148         495          374              2          29  ...   \n",
       "149         351          292              2          44  ...   \n",
       "\n",
       "     Height_middle_child  Weight_middle_child  FVC_middle_child  \\\n",
       "0                    NaN                  NaN               NaN   \n",
       "1                    NaN                  NaN               NaN   \n",
       "2                    NaN                  NaN               NaN   \n",
       "3                   49.0                 56.0             159.0   \n",
       "4                   60.0                 85.0             268.0   \n",
       "..                   ...                  ...               ...   \n",
       "145                  NaN                  NaN               NaN   \n",
       "146                  NaN                  NaN               NaN   \n",
       "147                 49.0                 55.0             181.0   \n",
       "148                  NaN                  NaN               NaN   \n",
       "149                  NaN                  NaN               NaN   \n",
       "\n",
       "     FEV1_middle_child  Sex_youngest_child  Age_youngest_child  \\\n",
       "0                  NaN                 NaN                 NaN   \n",
       "1                  NaN                 NaN                 NaN   \n",
       "2                  NaN                 NaN                 NaN   \n",
       "3                130.0                 NaN                 NaN   \n",
       "4                234.0                 2.0                10.0   \n",
       "..                 ...                 ...                 ...   \n",
       "145                NaN                 NaN                 NaN   \n",
       "146                NaN                 NaN                 NaN   \n",
       "147              165.0                 NaN                 NaN   \n",
       "148                NaN                 NaN                 NaN   \n",
       "149                NaN                 NaN                 NaN   \n",
       "\n",
       "     Height_youngest_child  Weight_youngest_child  FVC_youngest_child  \\\n",
       "0                      NaN                    NaN                 NaN   \n",
       "1                      NaN                    NaN                 NaN   \n",
       "2                      NaN                    NaN                 NaN   \n",
       "3                      NaN                    NaN                 NaN   \n",
       "4                     50.0                   53.0               154.0   \n",
       "..                     ...                    ...                 ...   \n",
       "145                    NaN                    NaN                 NaN   \n",
       "146                    NaN                    NaN                 NaN   \n",
       "147                    NaN                    NaN                 NaN   \n",
       "148                    NaN                    NaN                 NaN   \n",
       "149                    NaN                    NaN                 NaN   \n",
       "\n",
       "     FEV1_youngest_child  \n",
       "0                    NaN  \n",
       "1                    NaN  \n",
       "2                    NaN  \n",
       "3                    NaN  \n",
       "4                  143.0  \n",
       "..                   ...  \n",
       "145                  NaN  \n",
       "146                  NaN  \n",
       "147                  NaN  \n",
       "148                  NaN  \n",
       "149                  NaN  \n",
       "\n",
       "[150 rows x 32 columns]"
      ]
     },
     "execution_count": 3,
     "metadata": {},
     "output_type": "execute_result"
    }
   ],
   "source": [
    "data"
   ]
  },
  {
   "cell_type": "code",
   "execution_count": 4,
   "metadata": {
    "id": "wDhVHNWYoF39"
   },
   "outputs": [],
   "source": [
    "# Summary statistics of dataset\n",
    "data_summary = data.describe()"
   ]
  },
  {
   "cell_type": "code",
   "execution_count": 5,
   "metadata": {
    "colab": {
     "base_uri": "https://localhost:8080/",
     "height": 357
    },
    "id": "FTtILQKrpKz8",
    "outputId": "f4c48a49-0f1e-4161-bf58-e01053ccffa3"
   },
   "outputs": [
    {
     "data": {
      "text/html": [
       "<div>\n",
       "<style scoped>\n",
       "    .dataframe tbody tr th:only-of-type {\n",
       "        vertical-align: middle;\n",
       "    }\n",
       "\n",
       "    .dataframe tbody tr th {\n",
       "        vertical-align: top;\n",
       "    }\n",
       "\n",
       "    .dataframe thead th {\n",
       "        text-align: right;\n",
       "    }\n",
       "</style>\n",
       "<table border=\"1\" class=\"dataframe\">\n",
       "  <thead>\n",
       "    <tr style=\"text-align: right;\">\n",
       "      <th></th>\n",
       "      <th>ID</th>\n",
       "      <th>AREA</th>\n",
       "      <th>Gender_father</th>\n",
       "      <th>Age_father</th>\n",
       "      <th>Height_father</th>\n",
       "      <th>Weight_father</th>\n",
       "      <th>FVC_father</th>\n",
       "      <th>FEV1_father</th>\n",
       "      <th>Gender_mother</th>\n",
       "      <th>Age_mother</th>\n",
       "      <th>...</th>\n",
       "      <th>Height_middle_child</th>\n",
       "      <th>Weight_middle_child</th>\n",
       "      <th>FVC_middle_child</th>\n",
       "      <th>FEV1_middle_child</th>\n",
       "      <th>Sex_youngest_child</th>\n",
       "      <th>Age_youngest_child</th>\n",
       "      <th>Height_youngest_child</th>\n",
       "      <th>Weight_youngest_child</th>\n",
       "      <th>FVC_youngest_child</th>\n",
       "      <th>FEV1_youngest_child</th>\n",
       "    </tr>\n",
       "  </thead>\n",
       "  <tbody>\n",
       "    <tr>\n",
       "      <th>count</th>\n",
       "      <td>150.000000</td>\n",
       "      <td>150.0000</td>\n",
       "      <td>150.0</td>\n",
       "      <td>150.000000</td>\n",
       "      <td>150.000000</td>\n",
       "      <td>150.000000</td>\n",
       "      <td>150.000000</td>\n",
       "      <td>150.000000</td>\n",
       "      <td>150.0</td>\n",
       "      <td>150.000000</td>\n",
       "      <td>...</td>\n",
       "      <td>74.000000</td>\n",
       "      <td>74.000000</td>\n",
       "      <td>74.000000</td>\n",
       "      <td>74.000000</td>\n",
       "      <td>24.000000</td>\n",
       "      <td>24.000000</td>\n",
       "      <td>24.000000</td>\n",
       "      <td>24.000000</td>\n",
       "      <td>24.000000</td>\n",
       "      <td>24.000000</td>\n",
       "    </tr>\n",
       "    <tr>\n",
       "      <th>mean</th>\n",
       "      <td>75.500000</td>\n",
       "      <td>2.7400</td>\n",
       "      <td>1.0</td>\n",
       "      <td>40.133333</td>\n",
       "      <td>69.260000</td>\n",
       "      <td>182.086667</td>\n",
       "      <td>495.233333</td>\n",
       "      <td>409.326667</td>\n",
       "      <td>2.0</td>\n",
       "      <td>37.560000</td>\n",
       "      <td>...</td>\n",
       "      <td>58.094595</td>\n",
       "      <td>91.824324</td>\n",
       "      <td>256.175676</td>\n",
       "      <td>221.256757</td>\n",
       "      <td>1.375000</td>\n",
       "      <td>10.541667</td>\n",
       "      <td>57.125000</td>\n",
       "      <td>87.208333</td>\n",
       "      <td>257.041667</td>\n",
       "      <td>215.916667</td>\n",
       "    </tr>\n",
       "    <tr>\n",
       "      <th>std</th>\n",
       "      <td>43.445368</td>\n",
       "      <td>1.1377</td>\n",
       "      <td>0.0</td>\n",
       "      <td>6.889995</td>\n",
       "      <td>2.779189</td>\n",
       "      <td>23.954077</td>\n",
       "      <td>79.366994</td>\n",
       "      <td>65.075227</td>\n",
       "      <td>0.0</td>\n",
       "      <td>6.714184</td>\n",
       "      <td>...</td>\n",
       "      <td>6.077511</td>\n",
       "      <td>33.042670</td>\n",
       "      <td>82.377740</td>\n",
       "      <td>71.934342</td>\n",
       "      <td>0.494535</td>\n",
       "      <td>2.186503</td>\n",
       "      <td>5.720387</td>\n",
       "      <td>33.354459</td>\n",
       "      <td>94.931316</td>\n",
       "      <td>81.658311</td>\n",
       "    </tr>\n",
       "    <tr>\n",
       "      <th>min</th>\n",
       "      <td>1.000000</td>\n",
       "      <td>1.0000</td>\n",
       "      <td>1.0</td>\n",
       "      <td>26.000000</td>\n",
       "      <td>61.000000</td>\n",
       "      <td>121.000000</td>\n",
       "      <td>302.000000</td>\n",
       "      <td>250.000000</td>\n",
       "      <td>2.0</td>\n",
       "      <td>26.000000</td>\n",
       "      <td>...</td>\n",
       "      <td>48.000000</td>\n",
       "      <td>49.000000</td>\n",
       "      <td>114.000000</td>\n",
       "      <td>90.000000</td>\n",
       "      <td>1.000000</td>\n",
       "      <td>7.000000</td>\n",
       "      <td>46.000000</td>\n",
       "      <td>44.000000</td>\n",
       "      <td>131.000000</td>\n",
       "      <td>112.000000</td>\n",
       "    </tr>\n",
       "    <tr>\n",
       "      <th>25%</th>\n",
       "      <td>38.250000</td>\n",
       "      <td>2.0000</td>\n",
       "      <td>1.0</td>\n",
       "      <td>35.000000</td>\n",
       "      <td>67.250000</td>\n",
       "      <td>166.000000</td>\n",
       "      <td>441.000000</td>\n",
       "      <td>366.750000</td>\n",
       "      <td>2.0</td>\n",
       "      <td>32.000000</td>\n",
       "      <td>...</td>\n",
       "      <td>54.000000</td>\n",
       "      <td>61.750000</td>\n",
       "      <td>190.000000</td>\n",
       "      <td>166.000000</td>\n",
       "      <td>1.000000</td>\n",
       "      <td>9.000000</td>\n",
       "      <td>54.000000</td>\n",
       "      <td>67.500000</td>\n",
       "      <td>194.000000</td>\n",
       "      <td>160.500000</td>\n",
       "    </tr>\n",
       "    <tr>\n",
       "      <th>50%</th>\n",
       "      <td>75.500000</td>\n",
       "      <td>3.0000</td>\n",
       "      <td>1.0</td>\n",
       "      <td>40.000000</td>\n",
       "      <td>69.000000</td>\n",
       "      <td>180.000000</td>\n",
       "      <td>495.500000</td>\n",
       "      <td>409.000000</td>\n",
       "      <td>2.0</td>\n",
       "      <td>36.500000</td>\n",
       "      <td>...</td>\n",
       "      <td>57.500000</td>\n",
       "      <td>85.500000</td>\n",
       "      <td>257.000000</td>\n",
       "      <td>216.000000</td>\n",
       "      <td>1.000000</td>\n",
       "      <td>10.000000</td>\n",
       "      <td>56.000000</td>\n",
       "      <td>75.000000</td>\n",
       "      <td>223.000000</td>\n",
       "      <td>194.000000</td>\n",
       "    </tr>\n",
       "    <tr>\n",
       "      <th>75%</th>\n",
       "      <td>112.750000</td>\n",
       "      <td>4.0000</td>\n",
       "      <td>1.0</td>\n",
       "      <td>44.750000</td>\n",
       "      <td>71.000000</td>\n",
       "      <td>198.000000</td>\n",
       "      <td>549.750000</td>\n",
       "      <td>451.000000</td>\n",
       "      <td>2.0</td>\n",
       "      <td>42.000000</td>\n",
       "      <td>...</td>\n",
       "      <td>62.000000</td>\n",
       "      <td>110.500000</td>\n",
       "      <td>304.000000</td>\n",
       "      <td>257.500000</td>\n",
       "      <td>2.000000</td>\n",
       "      <td>12.000000</td>\n",
       "      <td>60.250000</td>\n",
       "      <td>97.500000</td>\n",
       "      <td>291.500000</td>\n",
       "      <td>245.750000</td>\n",
       "    </tr>\n",
       "    <tr>\n",
       "      <th>max</th>\n",
       "      <td>150.000000</td>\n",
       "      <td>4.0000</td>\n",
       "      <td>1.0</td>\n",
       "      <td>59.000000</td>\n",
       "      <td>76.000000</td>\n",
       "      <td>245.000000</td>\n",
       "      <td>666.000000</td>\n",
       "      <td>585.000000</td>\n",
       "      <td>2.0</td>\n",
       "      <td>56.000000</td>\n",
       "      <td>...</td>\n",
       "      <td>74.000000</td>\n",
       "      <td>203.000000</td>\n",
       "      <td>459.000000</td>\n",
       "      <td>419.000000</td>\n",
       "      <td>2.000000</td>\n",
       "      <td>15.000000</td>\n",
       "      <td>67.000000</td>\n",
       "      <td>191.000000</td>\n",
       "      <td>473.000000</td>\n",
       "      <td>405.000000</td>\n",
       "    </tr>\n",
       "  </tbody>\n",
       "</table>\n",
       "<p>8 rows × 32 columns</p>\n",
       "</div>"
      ],
      "text/plain": [
       "               ID      AREA  Gender_father  Age_father  Height_father  \\\n",
       "count  150.000000  150.0000          150.0  150.000000     150.000000   \n",
       "mean    75.500000    2.7400            1.0   40.133333      69.260000   \n",
       "std     43.445368    1.1377            0.0    6.889995       2.779189   \n",
       "min      1.000000    1.0000            1.0   26.000000      61.000000   \n",
       "25%     38.250000    2.0000            1.0   35.000000      67.250000   \n",
       "50%     75.500000    3.0000            1.0   40.000000      69.000000   \n",
       "75%    112.750000    4.0000            1.0   44.750000      71.000000   \n",
       "max    150.000000    4.0000            1.0   59.000000      76.000000   \n",
       "\n",
       "       Weight_father  FVC_father  FEV1_father  Gender_mother  Age_mother  ...  \\\n",
       "count     150.000000  150.000000   150.000000          150.0  150.000000  ...   \n",
       "mean      182.086667  495.233333   409.326667            2.0   37.560000  ...   \n",
       "std        23.954077   79.366994    65.075227            0.0    6.714184  ...   \n",
       "min       121.000000  302.000000   250.000000            2.0   26.000000  ...   \n",
       "25%       166.000000  441.000000   366.750000            2.0   32.000000  ...   \n",
       "50%       180.000000  495.500000   409.000000            2.0   36.500000  ...   \n",
       "75%       198.000000  549.750000   451.000000            2.0   42.000000  ...   \n",
       "max       245.000000  666.000000   585.000000            2.0   56.000000  ...   \n",
       "\n",
       "       Height_middle_child  Weight_middle_child  FVC_middle_child  \\\n",
       "count            74.000000            74.000000         74.000000   \n",
       "mean             58.094595            91.824324        256.175676   \n",
       "std               6.077511            33.042670         82.377740   \n",
       "min              48.000000            49.000000        114.000000   \n",
       "25%              54.000000            61.750000        190.000000   \n",
       "50%              57.500000            85.500000        257.000000   \n",
       "75%              62.000000           110.500000        304.000000   \n",
       "max              74.000000           203.000000        459.000000   \n",
       "\n",
       "       FEV1_middle_child  Sex_youngest_child  Age_youngest_child  \\\n",
       "count          74.000000           24.000000           24.000000   \n",
       "mean          221.256757            1.375000           10.541667   \n",
       "std            71.934342            0.494535            2.186503   \n",
       "min            90.000000            1.000000            7.000000   \n",
       "25%           166.000000            1.000000            9.000000   \n",
       "50%           216.000000            1.000000           10.000000   \n",
       "75%           257.500000            2.000000           12.000000   \n",
       "max           419.000000            2.000000           15.000000   \n",
       "\n",
       "       Height_youngest_child  Weight_youngest_child  FVC_youngest_child  \\\n",
       "count              24.000000              24.000000           24.000000   \n",
       "mean               57.125000              87.208333          257.041667   \n",
       "std                 5.720387              33.354459           94.931316   \n",
       "min                46.000000              44.000000          131.000000   \n",
       "25%                54.000000              67.500000          194.000000   \n",
       "50%                56.000000              75.000000          223.000000   \n",
       "75%                60.250000              97.500000          291.500000   \n",
       "max                67.000000             191.000000          473.000000   \n",
       "\n",
       "       FEV1_youngest_child  \n",
       "count            24.000000  \n",
       "mean            215.916667  \n",
       "std              81.658311  \n",
       "min             112.000000  \n",
       "25%             160.500000  \n",
       "50%             194.000000  \n",
       "75%             245.750000  \n",
       "max             405.000000  \n",
       "\n",
       "[8 rows x 32 columns]"
      ]
     },
     "execution_count": 5,
     "metadata": {},
     "output_type": "execute_result"
    }
   ],
   "source": [
    "data_summary"
   ]
  },
  {
   "cell_type": "code",
   "execution_count": 6,
   "metadata": {
    "colab": {
     "base_uri": "https://localhost:8080/"
    },
    "id": "mfoP17dap3ef",
    "outputId": "e3195771-cd99-45ce-a83d-2c37f45b6f99"
   },
   "outputs": [
    {
     "data": {
      "text/plain": [
       "ID                        1874.916667\n",
       "AREA                         1.285733\n",
       "Gender_father                0.000000\n",
       "Age_father                  47.155556\n",
       "Height_father                7.672400\n",
       "Weight_father              569.972489\n",
       "FVC_father                6257.125556\n",
       "FEV1_father               4206.553289\n",
       "Gender_mother                0.000000\n",
       "Age_mother                  44.779733\n",
       "Height_mother                6.057956\n",
       "Weight_mother              951.865956\n",
       "FVC_mother                3627.112222\n",
       "FEV1_mother               2359.881822\n",
       "Sex_oldest_child             0.250000\n",
       "Age_oldest_child            10.112222\n",
       "Height_oldest_child         47.671289\n",
       "Weight_oldest_child       1440.955600\n",
       "FVC_oldest_child         15868.802489\n",
       "FEV1_oldest_child        11185.112933\n",
       "Sex_middle_child             0.243426\n",
       "Age_middle_child             6.784514\n",
       "Height_middle_child         36.436998\n",
       "Weight_middle_child       1077.063733\n",
       "FVC_middle_child          6694.388057\n",
       "FEV1_middle_child         5104.623265\n",
       "Sex_youngest_child           0.234375\n",
       "Age_youngest_child           4.581597\n",
       "Height_youngest_child       31.359375\n",
       "Weight_youngest_child     1066.164931\n",
       "FVC_youngest_child        8636.456597\n",
       "FEV1_youngest_child       6390.243056\n",
       "dtype: float64"
      ]
     },
     "execution_count": 6,
     "metadata": {},
     "output_type": "execute_result"
    }
   ],
   "source": [
    "# Variance of the dataset \n",
    "np.var(data)"
   ]
  },
  {
   "cell_type": "code",
   "execution_count": 7,
   "metadata": {
    "id": "EClbwZNfxsd6"
   },
   "outputs": [],
   "source": [
    "# Deleting rows with NAN\n",
    "data = data.dropna()"
   ]
  },
  {
   "cell_type": "code",
   "execution_count": 8,
   "metadata": {
    "id": "NYMXKcWIwqRS"
   },
   "outputs": [],
   "source": [
    "# Normalizing the dataset \n",
    "normalized_data = preprocessing.normalize(data)"
   ]
  },
  {
   "cell_type": "code",
   "execution_count": 9,
   "metadata": {
    "colab": {
     "base_uri": "https://localhost:8080/"
    },
    "id": "KqkP7eyRuMgR",
    "outputId": "ea7c8981-554e-4772-ef6e-23875230a16c"
   },
   "outputs": [
    {
     "data": {
      "text/plain": [
       "array([[11164.15725806, 16459.44959677, 16696.25806452, 12788.97379032,\n",
       "        15962.87701613, 13685.30241935, 12735.18951613,  9938.52822581,\n",
       "        14750.04032258, 16781.92540323, 16088.26008065, 16544.22782258,\n",
       "        13125.17943548, 13201.75403226, 15283.82258065, 15357.59879032,\n",
       "        14281.55443548, 18578.78830645, 14986.65322581, 16214.05040323,\n",
       "        12552.53024194, 14756.89919355, 13836.92540323, 12448.70967742],\n",
       "       [16459.44959677, 25673.91028226, 24789.67741935, 19463.93044355,\n",
       "        23380.51108871, 21849.71572581, 20189.33669355, 14444.98991935,\n",
       "        22039.9233871 , 26006.18044355, 24448.60584677, 24546.79939516,\n",
       "        19455.50100806, 19389.28024194, 23577.92741935, 23626.71068548,\n",
       "        22098.78528226, 27777.40221774, 22591.97177419, 23873.35584677,\n",
       "        18645.9828629 , 23555.44959677, 21233.56754032, 18682.61290323],\n",
       "       [16696.25806452, 24789.67741935, 26825.29032258, 19365.48387097,\n",
       "        25283.32258065, 19970.58064516, 18814.16129032, 15296.38709677,\n",
       "        23234.90322581, 26804.16129032, 24791.87096774, 26980.61290323,\n",
       "        20400.22580645, 20213.64516129, 22726.58064516, 23117.29032258,\n",
       "        21283.87096774, 28045.67741935, 23468.09677419, 25773.61290323,\n",
       "        18764.5483871 , 22982.03225806, 20064.41935484, 19093.67741935],\n",
       "       [12788.97379032, 19463.93044355, 19365.48387097, 15453.28931452,\n",
       "        18860.99899194, 16621.98185484, 15763.98991935, 11520.12701613,\n",
       "        17447.48790323, 20037.50705645, 19172.00504032, 19536.58568548,\n",
       "        15472.57762097, 15467.57862903, 18286.66935484, 18044.85181452,\n",
       "        17156.53125   , 22027.80947581, 17897.95564516, 18728.40020161,\n",
       "        14817.16431452, 18006.48991935, 17003.08770161, 14697.80645161],\n",
       "       [15962.87701613, 23380.51108871, 25283.32258065, 18860.99899194,\n",
       "        26740.06350806, 19682.49798387, 18232.47379032, 14914.93346774,\n",
       "        23107.61693548, 25429.95866935, 23686.06955645, 26665.00504032,\n",
       "        20198.09375   , 19898.35282258, 22289.54032258, 21738.81955645,\n",
       "        20348.72479839, 26077.74495968, 22308.79435484, 26500.85181452,\n",
       "        18793.13205645, 21518.00604839, 20845.86189516, 18912.51612903],\n",
       "       [13685.30241935, 21849.71572581, 19970.58064516, 16621.98185484,\n",
       "        19682.49798387, 19753.22177419, 17568.56048387, 12006.02822581,\n",
       "        18588.42741935, 21557.32056452, 20581.47782258, 19814.15524194,\n",
       "        16428.20362903, 16227.51209677, 20510.82258065, 20074.2358871 ,\n",
       "        19067.5625    , 22947.57056452, 18585.75      , 19938.10685484,\n",
       "        15997.50604839, 20096.56048387, 19089.5141129 , 15907.06451613],\n",
       "       [12735.18951613, 20189.33669355, 18814.16129032, 15763.98991935,\n",
       "        18232.47379032, 17568.56048387, 16965.64112903, 11175.14112903,\n",
       "        16993.65322581, 20323.3608871 , 19368.95362903, 18991.30846774,\n",
       "        15138.22782258, 15232.59274194, 18889.53225806, 18556.84072581,\n",
       "        17870.57056452, 22455.80443548, 18050.10483871, 17942.67943548,\n",
       "        14877.12701613, 18940.41532258, 17741.61895161, 14674.58064516],\n",
       "       [ 9938.52822581, 14444.98991935, 15296.38709677, 11520.12701613,\n",
       "        14914.93346774, 12006.02822581, 11175.14112903,  9380.44758065,\n",
       "        13521.36290323, 15047.85282258, 14497.88104839, 15233.36491935,\n",
       "        12063.34879032, 11963.64112903, 13740.0483871 , 13677.89717742,\n",
       "        12616.25604839, 16605.90927419, 13527.94354839, 15058.51008065,\n",
       "        11390.71572581, 13011.01209677, 12450.17540323, 11290.87096774],\n",
       "       [14750.04032258, 22039.9233871 , 23234.90322581, 17447.48790323,\n",
       "        23107.61693548, 18588.42741935, 16993.65322581, 13521.36290323,\n",
       "        21840.88709677, 23539.13306452, 22166.68951613, 23691.72177419,\n",
       "        18500.625     , 18464.45967742, 20701.41935484, 20721.27016129,\n",
       "        19122.84274194, 24262.02016129, 20757.91935484, 23373.59274194,\n",
       "        17275.02016129, 20608.33064516, 18886.48790323, 17251.09677419],\n",
       "       [16781.92540323, 26006.18044355, 26804.16129032, 20037.50705645,\n",
       "        25429.95866935, 21557.32056452, 20323.3608871 , 15047.85282258,\n",
       "        23539.13306452, 27997.14415323, 25537.07762097, 27348.56149194,\n",
       "        20616.3921371 , 20402.85282258, 23779.28225806, 24007.44052419,\n",
       "        22452.00705645, 28666.73689516, 24113.98790323, 25922.7953629 ,\n",
       "        19205.76915323, 24766.34475806, 21356.33770161, 19650.93548387],\n",
       "       [16088.26008065, 24448.60584677, 24791.87096774, 19172.00504032,\n",
       "        23686.06955645, 20581.47782258, 19368.95362903, 14497.88104839,\n",
       "        22166.68951613, 25537.07762097, 24203.26512097, 24979.42641129,\n",
       "        19567.20866935, 19522.01008065, 22823.26612903, 22897.83770161,\n",
       "        21436.73084677, 27588.56552419, 22679.02822581, 24016.96673387,\n",
       "        18594.27520161, 22884.19556452, 20858.59375   , 18584.5483871 ],\n",
       "       [16544.22782258, 24546.79939516, 26980.61290323, 19536.58568548,\n",
       "        26665.00504032, 19814.15524194, 18991.30846774, 15233.36491935,\n",
       "        23691.72177419, 27348.56149194, 24979.42641129, 28359.84576613,\n",
       "        20798.72479839, 20592.94556452, 22796.13709677, 22887.90221774,\n",
       "        21315.34375   , 27998.21068548, 23910.47983871, 26935.61189516,\n",
       "        19103.30745968, 23314.06653226, 20730.65826613, 19554.80645161],\n",
       "       [13125.17943548, 19455.50100806, 20400.22580645, 15472.57762097,\n",
       "        20198.09375   , 16428.20362903, 15138.22782258, 12063.34879032,\n",
       "        18500.625     , 20616.3921371 , 19567.20866935, 20798.72479839,\n",
       "        16315.02318548, 16139.67137097, 18415.42741935, 18274.97479839,\n",
       "        17074.85181452, 21930.00907258, 18288.51209677, 20526.94254032,\n",
       "        15304.65423387, 18111.82459677, 16946.84375   , 15355.48387097],\n",
       "       [13201.75403226, 19389.28024194, 20213.64516129, 15467.57862903,\n",
       "        19898.35282258, 16227.51209677, 15232.59274194, 11963.64112903,\n",
       "        18464.45967742, 20402.85282258, 19522.01008065, 20592.94556452,\n",
       "        16139.67137097, 16311.60887097, 18350.53225806, 18308.92943548,\n",
       "        17160.15927419, 22318.87701613, 18416.26612903, 20065.92943548,\n",
       "        15386.68346774, 17962.23790323, 16989.59475806, 15272.64516129],\n",
       "       [15283.82258065, 23577.92741935, 22726.58064516, 18286.66935484,\n",
       "        22289.54032258, 20510.82258065, 18889.53225806, 13740.0483871 ,\n",
       "        20701.41935484, 23779.28225806, 22823.26612903, 22796.13709677,\n",
       "        18415.42741935, 18350.53225806, 22366.64516129, 22038.33064516,\n",
       "        20736.73387097, 25968.25      , 21076.4516129 , 22636.94354839,\n",
       "        17923.66935484, 21738.85483871, 20676.7016129 , 17748.58064516],\n",
